ISS (ZARYA)             
1 25544U 98067A   24063.57780891  .00014558  00000+0  26641-3 0  9994
2 25544  51.6409 118.7785 0005862 320.8537 188.7560 15.49575885442173
ISS DEB                 
1 47853U 98067RZ  24062.15057765  .00491442  11910-4  21251-3 0  9991
2 47853  51.6152  32.1398 0003789  69.8823  46.4793 16.21960227169812
CSS (TIANHE)            
1 48274U 21035A   24063.32918508  .00036753  00000+0  39646-3 0  9991
2 48274  41.4694  10.0209 0006703  89.4220 270.7388 15.62899579162520
ISS (NAUKA)             
1 49044U 21066A   24062.67374435  .00015048  00000+0  27535-3 0  9991
2 49044  51.6406 123.2542 0005722 316.7628 186.2644 15.49550514148095
FREGAT DEB              
1 49271U 11037PF  24059.34993351  .00000308  00000+0  10769-2 0  9997
2 49271  51.6457 301.2136 0937852 252.4384  97.1964 12.11394450121865
CSS (WENTIAN)           
1 53239U 22085A   24062.88188008  .00037451  00000+0  40440-3 0  9998
2 53239  41.4692  12.7517 0006819  84.4540 275.7077 15.62865800161590
CSS (MENGTIAN)          
1 54216U 22143A   24062.88188008  .00037451  00000+0  40440-3 0  9999
2 54216  41.4692  12.7517 0006819  84.4540 275.7077 15.62865800 76164
ISS DEB                 
1 57212U 98067VP  24063.10166978  .00084593  00000+0  54570-3 0  9992
2 57212  51.6302 101.6080 0004932   1.0349 359.0660 15.75388514 39296
CREW DRAGON 7           
1 57697U 23128A   24062.67374435  .00015048  00000+0  27535-3 0  9995
2 57697  51.6406 123.2542 0005722 316.7628 186.2644 15.49550514441881
SOYUZ-MS 24             
1 57862U 23143A   24062.67374435  .00015048  00000+0  27535-3 0  9996
2 57862  51.6406 123.2542 0005722 316.7628 186.2644 15.49550514 26187
SHENZHOU-17 (SZ-17)     
1 58146U 23164A   24062.88188008  .00037451  00000+0  40440-3 0  9999
2 58146  41.4692  12.7517 0006819  84.4540 275.7077 15.62865800161592
ISS DEB                 
1 58174U 98067WA  24063.39334602  .00284577  00000+0  13418-2 0  9991
2 58174  51.6295 108.0732 0007637  17.7857 342.3411 15.81697117 20280
ISS DEB                 
1 58229U 98067WC  24063.38293543  .00067765  00000+0  72019-3 0  9990
2 58229  51.6356 114.0569 0003068 353.9397   6.1560 15.63401011 18993
PROGRESS-MS 25          
1 58460U 23184A   24062.67374435  .00015048  00000+0  27535-3 0  9996
2 58460  51.6406 123.2542 0005722 316.7628 186.2644 15.49550514441880
BEAK                    
1 58612U 98067WD  24062.44028734  .00063611  00000+0  76011-3 0  9992
2 58612  51.6364 121.2654 0004410 327.1672  32.9047 15.60393760 11767
CLARK SAT-1 (AMBITIOUS) 
1 58613U 98067WE  24063.42442026  .00187801  00000+0  15133-2 0  9991
2 58613  51.6330 114.3259 0009468 358.4485   1.6481 15.69731870 11911
TIANZHOU-7              
1 58811U 24013A   24062.88188008  .00037451  00000+0  40440-3 0  9992
2 58811  41.4692  12.7517 0006819  84.4540 275.7077 15.62865800161591
CYGNUS NG-20            
1 58898U 24021A   24062.67374435  .00015048  00000+0  27535-3 0  9992
2 58898  51.6406 123.2542 0005722 316.7628 186.2644 15.49550514  4947
PROGRESS-MS 26          
1 58961U 24029A   24062.67374435  .00015048  00000+0  27535-3 0  9991
2 58961  51.6406 123.2542 0005722 316.7628 186.2644 15.49550514441886
